{
 "cells": [
  {
   "cell_type": "code",
   "execution_count": 1,
   "metadata": {},
   "outputs": [],
   "source": [
    "\n",
    "import random\n",
    "import math\n",
    "import numpy as np\n",
    "import pandas as pd\n",
    "from sklearn import cluster, datasets\n",
    "from sklearn.metrics import accuracy_score\n",
    "from sklearn import preprocessing\n"
   ]
  },
  {
   "cell_type": "markdown",
   "metadata": {},
   "source": [
    "# Data Preprocessing"
   ]
  },
  {
   "cell_type": "markdown",
   "metadata": {},
   "source": [
    "## Abalone dataset"
   ]
  },
  {
   "cell_type": "code",
   "execution_count": 2,
   "metadata": {},
   "outputs": [
    {
     "data": {
      "text/plain": [
       "'\\ncolumn_names = [\"sex\", \"length\", \"diameter\", \"height\", \"whole weight\", \\n                \"shucked weight\", \"viscera weight\", \"shell weight\", \"rings\"]\\nabalone = pd.read_csv(\"abalone.data\",names=column_names)\\ndata_x = abalone.drop(columns=[\"rings\"])\\n#0,1,2 labeling sex\\n#data_x = data_x.replace([\\'M\\',\\'F\\',\\'I\\'],[0,1,2])\\n\\n#one-hot encoding\\ndfDummies = pd.get_dummies(data_x[\\'sex\\'], prefix = \\'sex\\')\\ndata_x = pd.DataFrame(preprocessing.scale(pd.concat([data_x.drop(columns=[\\'sex\\']), dfDummies], axis=1)))\\n\\ndata_y = np.array(abalone[\"rings\"])\\ndata_y[data_y<11]    = 0\\ndata_y[data_y>=11]   = 1\\nSimulate_time = 10\\ndata_x\\n'"
      ]
     },
     "execution_count": 2,
     "metadata": {},
     "output_type": "execute_result"
    }
   ],
   "source": [
    "#data_x : features (Dataframe)\n",
    "#data_y : labels   (np.array)\n",
    "'''\n",
    "column_names = [\"sex\", \"length\", \"diameter\", \"height\", \"whole weight\", \n",
    "                \"shucked weight\", \"viscera weight\", \"shell weight\", \"rings\"]\n",
    "abalone = pd.read_csv(\"abalone.data\",names=column_names)\n",
    "data_x = abalone.drop(columns=[\"rings\"])\n",
    "#0,1,2 labeling sex\n",
    "#data_x = data_x.replace(['M','F','I'],[0,1,2])\n",
    "\n",
    "#one-hot encoding\n",
    "dfDummies = pd.get_dummies(data_x['sex'], prefix = 'sex')\n",
    "data_x = pd.DataFrame(preprocessing.scale(pd.concat([data_x.drop(columns=['sex']), dfDummies], axis=1)))\n",
    "\n",
    "data_y = np.array(abalone[\"rings\"])\n",
    "data_y[data_y<11]    = 0\n",
    "data_y[data_y>=11]   = 1\n",
    "Simulate_time = 10\n",
    "data_x\n",
    "'''"
   ]
  },
  {
   "cell_type": "markdown",
   "metadata": {},
   "source": [
    "## Iris Dataset"
   ]
  },
  {
   "cell_type": "code",
   "execution_count": 3,
   "metadata": {},
   "outputs": [],
   "source": [
    "#data_x : features (Dataframe)\n",
    "#data_y : labels   (np.array)\n",
    "\n",
    "iris = datasets.load_iris()\n",
    "data_x = pd.DataFrame(iris.data)\n",
    "\n",
    "data_y = iris.target\n",
    "\n",
    "Simulate_time = 5\n"
   ]
  },
  {
   "cell_type": "code",
   "execution_count": 4,
   "metadata": {},
   "outputs": [],
   "source": [
    "class our_k_means:\n",
    "    def __init__(self,data_x,data_y,m = 2,epsilon = 1.0e-6):\n",
    "        self.data_x = pd.DataFrame(data_x)\n",
    "        self.data_y = data_y\n",
    "        self.label  = pd.DataFrame(data_y)\n",
    "        self.acc    = 0\n",
    "        \n",
    "        #資料特性\n",
    "        self.DCNT = len(self.data_x)               #資料個數\n",
    "        self.DIM  = len(self.data_x.columns)       #資料維度\n",
    "        self.K    = len(np.unique(data_y))         #叢聚個數\n",
    "        #self.K    = np.amax(self.data_y)+1        #叢聚個數\n",
    "        self.MAX_ITER = 100                        #最大迭代 \n",
    "        self.MIN_PT = 0                            #最小變動點\n",
    "        \n",
    "        #k-means過程的參數\n",
    "        self.m    = m                       #m              :hyper parameter,控制fuzzy程度的變數,通常為2\n",
    "        self.epsilon = epsilon              #epsilon        :收斂的閾值\n",
    "        self.data =[]                       #data[DCNT][DIM]:資料\n",
    "        self.cent =[]                       #cent[K][DIM]   :各centroid的座標\n",
    "        self.table=[]                       #table[DCNT][K] :各資料對各cluster的membership values matrix\n",
    "        self.dis_k=[]                       #dis_k[K][DIM]  :各cluster的座標和\n",
    "        self.cent_c=[]                      #cent_c[K]      :各cluster的擁有資料數和\n",
    "        self.nearest=[]                     #nearest[DNST]  :各資料最可能屬於的cluster\n",
    "        self.iterl = 0 \n",
    "        self.obj_value = 0\n",
    "        self.prev_obj_value = 0\n",
    "        \n",
    "        #計算acc時的參數\n",
    "        self.origin_mass = []\n",
    "        self.cent_name = []\n",
    "\n",
    "        \n",
    "    #run k-means    \n",
    "    def run(self):\n",
    "        \n",
    "        #initialize tables\n",
    "        self.kmeans_init()   #初始化centroid\n",
    "                \n",
    "        #first iteration \n",
    "        self.iterl = 0\n",
    "        self.update_table()\n",
    "        self.obj_value = self.cal_obj_func()\n",
    "        self.prev_obj_value = self.obj_value*2\n",
    "        \n",
    "        #update centroid & data clustering\n",
    "        while self.iterl<self.MAX_ITER and abs(self.prev_obj_value-self.obj_value)>=self.epsilon :\n",
    "            self.prev_obj_value = self.obj_value\n",
    "            self.iterl+=1\n",
    "            self.update_cent()\n",
    "            self.update_table()\n",
    "            self.obj_value = self.cal_obj_func()\n",
    "        \n",
    "        #self.print_result()    \n",
    "        \n",
    "    #Calculate average accuracy    \n",
    "    def calculate_acc(self,iterate_times):\n",
    "        self.acc = 0\n",
    "        i = 0\n",
    "        while( i < iterate_times):\n",
    "            self.run()\n",
    "            self.calculate_origin_mass()\n",
    "            self.cent_name = self.centroid_names()\n",
    "            # Avoid the rare situations that some cluster are gone\n",
    "            #if len(np.unique(self.cent_name)) != self.K:\n",
    "            #    continue\n",
    "                \n",
    "            self.nearest_cluster()\n",
    "            i += 1\n",
    "            self.acc += accuracy_score(self.data_y,self.nearest)\n",
    "            \n",
    "            #self.print_result()\n",
    "        \n",
    "        if iterate_times is not 0:\n",
    "            self.acc /= iterate_times\n",
    "        \n",
    "        print(\"Average accuracy for \",iterate_times,\" times : \",self.acc)\n",
    "        return self.acc\n",
    "#---------------------------------------------------------------------------------\n",
    "#----------------Subfunctions of calculate_acc(iterate_times)---------------------\n",
    "#---------------------------------------------------------------------------------\n",
    "    def centroid_names(self):\n",
    "        cent_name = np.zeros(self.K)\n",
    "        \n",
    "        for i in range(self.K):\n",
    "            min_dist=float(\"inf\")\n",
    "            name = 0\n",
    "            for j in range(self.K):\n",
    "                dist = np.linalg.norm(self.cent[i] - self.origin_mass[j])\n",
    "                if dist < min_dist:\n",
    "                    min_dist = dist\n",
    "                    name = j\n",
    "            cent_name[i] = name\n",
    "            \n",
    "        return cent_name\n",
    "    \n",
    "    def calculate_origin_mass(self):\n",
    "        self.origin_mass = np.zeros((self.K,self.DIM))\n",
    "        \n",
    "        counter = np.zeros(self.K)\n",
    "        for i in range(self.K):\n",
    "            counter[i] = len(self.data_y[self.data_y==i])\n",
    "            \n",
    "        \n",
    "        for j in range(self.DIM):\n",
    "            for i in range(self.DCNT):\n",
    "                a = self.data_y[i]\n",
    "                self.origin_mass[a][j] += self.data_x.iloc[i,j]\n",
    "            for i in range(self.K):  \n",
    "                if counter[i] is not 0:\n",
    "                    self.origin_mass[i][j] /= counter[i]\n",
    "    \n",
    "    def nearest_cluster(self):\n",
    "        self.nearest = np.zeros(self.DCNT)\n",
    "        \n",
    "        for i in range(len(self.data_x.index)):\n",
    "            self.nearest[i] = self.cent_name[np.argmax(self.table[i])]\n",
    "        \n",
    "#---------------------------------------------------------------------------------\n",
    "#------------------------------Subfunctions of run()------------------------------\n",
    "#---------------------------------------------------------------------------------    \n",
    "    def kmeans_init(self):\n",
    "        \n",
    "        self.data = list(self.data_x.values)\n",
    "        self.cent = np.zeros((self.K,self.DIM))\n",
    "        self.table= np.zeros((self.DCNT,self.K))\n",
    "        self.dis_k= np.zeros((self.K,self.DIM))\n",
    "        self.cent_c=np.zeros(self.K)\n",
    "        self.U    = np.zeros((self.DCNT,self.K))\n",
    "                \n",
    "        \n",
    "        # randomly pick k data as centroid\n",
    "        self.cent = random.sample(self.data, self.K)\n",
    "      \n",
    "\n",
    "    def update_cent(self):\n",
    "        \n",
    "        for k in range(self.K):\n",
    "            down = 0\n",
    "            for i in range(self.DCNT):\n",
    "                down += self.table[i][k]\n",
    "                \n",
    "            for i in range(self.DCNT):    \n",
    "                for j in range(self.DIM):\n",
    "                    self.cent[k][j] += self.data_x.iloc[i,j]*self.table[i][k]\n",
    "                    \n",
    "            for j in range(self.DIM):\n",
    "                self.cent[k][j] /= down\n",
    "                    \n",
    "    def cal_w(self,i,j):\n",
    "        w = 0\n",
    "        dis = np.linalg.norm(self.data_x.iloc[i].values-self.cent[j])\n",
    "        for c in range(self.K):\n",
    "            dis_c = np.linalg.norm(self.data_x.iloc[i].values-self.cent[c])\n",
    "            if dis_c != 0:\n",
    "                w += math.pow((dis/dis_c),2/(self.m-1))\n",
    "        \n",
    "        if(w != 0):\n",
    "            w = 1/w\n",
    "            \n",
    "        return w\n",
    "            \n",
    "    def update_table(self):\n",
    "        for i in range(self.DCNT):\n",
    "            for j in range(self.K):\n",
    "                self.table[i][j] = self.cal_w(i,j)\n",
    "                \n",
    "    def cal_obj_func(self):\n",
    "        obj_value = 0\n",
    "        for i in range(self.DCNT):\n",
    "            for j in range(self.K):\n",
    "                obj_value += self.table[i][j]*math.pow(np.linalg.norm(self.data_x.iloc[i].values-self.cent[j]),2)\n",
    "        return obj_value\n",
    "\n",
    "    def print_cent(self):\n",
    "        print(\"Centroids:\")\n",
    "        print(self.cent)\n",
    "\n",
    "    def print_result(self):\n",
    "        print(\"FCM:\")\n",
    "        print(self.table)\n",
    "        print(\"Object function value = \",end='')\n",
    "        print(self.obj_value)\n",
    "        print(\"Previous Object function value = \",end='')\n",
    "        print(self.prev_obj_value)\n",
    "        print(\"iter = \",end='')\n",
    "        print(self.iterl)     \n",
    "    "
   ]
  },
  {
   "cell_type": "markdown",
   "metadata": {},
   "source": [
    "## Here comes our FCM\n",
    "### Let's run it!"
   ]
  },
  {
   "cell_type": "code",
   "execution_count": 5,
   "metadata": {},
   "outputs": [
    {
     "name": "stdout",
     "output_type": "stream",
     "text": [
      "Average accuracy for  5  times :  0.8866666666666667\n"
     ]
    },
    {
     "data": {
      "text/plain": [
       "0.8866666666666667"
      ]
     },
     "execution_count": 5,
     "metadata": {},
     "output_type": "execute_result"
    }
   ],
   "source": [
    "result = our_k_means(data_x,data_y)\n",
    "result.calculate_acc(Simulate_time)"
   ]
  },
  {
   "cell_type": "code",
   "execution_count": 6,
   "metadata": {},
   "outputs": [
    {
     "name": "stdout",
     "output_type": "stream",
     "text": [
      "Centroids:\n",
      "[[6.14256546 2.87931163 4.59827946 1.50524313]\n",
      " [6.70310749 3.05825588 5.42292239 1.93047623]\n",
      " [5.17807353 3.41374445 1.76882374 0.36382098]]\n"
     ]
    }
   ],
   "source": [
    "result.print_cent()"
   ]
  },
  {
   "cell_type": "code",
   "execution_count": 7,
   "metadata": {},
   "outputs": [
    {
     "name": "stdout",
     "output_type": "stream",
     "text": [
      "FCM:\n",
      "[[0.01288652 0.0078721  0.97924137]\n",
      " [0.0290727  0.01748426 0.95344305]\n",
      " [0.03337407 0.02051174 0.94611419]\n",
      " [0.03646079 0.02195001 0.9415892 ]\n",
      " [0.01622831 0.00997925 0.97379244]\n",
      " [0.02497283 0.01504988 0.95997729]\n",
      " [0.0314265  0.01926301 0.94931049]\n",
      " [0.01000829 0.00602313 0.98396858]\n",
      " [0.06206    0.03790688 0.90003312]\n",
      " [0.02322777 0.01390601 0.96286622]\n",
      " [0.01785386 0.01091413 0.97123201]\n",
      " [0.01516859 0.00907145 0.97575996]\n",
      " [0.03498828 0.02118165 0.94383007]\n",
      " [0.07293512 0.04620558 0.88085929]\n",
      " [0.06587638 0.04276318 0.89136045]\n",
      " [0.08505564 0.05520102 0.85974334]\n",
      " [0.03490523 0.02197828 0.9431165 ]\n",
      " [0.01146481 0.00697934 0.98155585]\n",
      " [0.03714905 0.02239457 0.94045638]\n",
      " [0.01733706 0.01063632 0.97202662]\n",
      " [0.00732854 0.00428896 0.9883825 ]\n",
      " [0.01258555 0.00764447 0.97976999]\n",
      " [0.05147037 0.03312077 0.91540887]\n",
      " [0.0039395  0.00226881 0.99379169]\n",
      " [0.01648628 0.00952275 0.97399097]\n",
      " [0.02078701 0.01217368 0.9670393 ]\n",
      " [0.0051918  0.00306391 0.99174428]\n",
      " [0.00839518 0.00506679 0.98653802]\n",
      " [0.01224538 0.00743782 0.9803168 ]\n",
      " [0.02459026 0.01463154 0.96077821]\n",
      " [0.02279515 0.01346755 0.96373731]\n",
      " [0.01039007 0.00618912 0.98342082]\n",
      " [0.04101399 0.0259118  0.93307421]\n",
      " [0.05692011 0.03657131 0.90650858]\n",
      " [0.02061322 0.01228561 0.96710117]\n",
      " [0.02786547 0.01720187 0.95493265]\n",
      " [0.02562503 0.01584767 0.9585273 ]\n",
      " [0.02149022 0.01328477 0.96522501]\n",
      " [0.0591835  0.03656968 0.90424682]\n",
      " [0.00821433 0.00493588 0.98684979]\n",
      " [0.01820569 0.01121977 0.97057454]\n",
      " [0.10418756 0.06381474 0.8319977 ]\n",
      " [0.0522632  0.03245453 0.91528226]\n",
      " [0.01055323 0.00622981 0.98321696]\n",
      " [0.01622499 0.00947428 0.97430074]\n",
      " [0.03192992 0.01918369 0.94888638]\n",
      " [0.0162435  0.00989521 0.97386129]\n",
      " [0.03549786 0.02166244 0.94283969]\n",
      " [0.01506776 0.00920596 0.97572628]\n",
      " [0.0150939  0.00914675 0.97575935]\n",
      " [0.49798848 0.46916564 0.03284588]\n",
      " [0.85252729 0.13265771 0.014815  ]\n",
      " [0.40331798 0.57635827 0.02032375]\n",
      " [0.70523555 0.18224294 0.11252151]\n",
      " [0.8696473  0.12015182 0.01020088]\n",
      " [0.879032   0.09612397 0.02484403]\n",
      " [0.78206238 0.20275919 0.01517842]\n",
      " [0.42125283 0.17276504 0.40598212]\n",
      " [0.80044918 0.18151911 0.0180317 ]\n",
      " [0.6595401  0.18764701 0.15281289]\n",
      " [0.48446693 0.19980172 0.31573134]\n",
      " [0.88571927 0.0882431  0.02603763]\n",
      " [0.70868244 0.18828435 0.10303321]\n",
      " [0.97844167 0.01941044 0.00214789]\n",
      " [0.64343271 0.17290139 0.1836659 ]\n",
      " [0.74205245 0.22873803 0.02920952]\n",
      " [0.85021779 0.12001066 0.02977156]\n",
      " [0.78099983 0.14327452 0.07572565]\n",
      " [0.78358056 0.1834253  0.03299414]\n",
      " [0.70470656 0.16929666 0.12599678]\n",
      " [0.77233635 0.20875952 0.01890414]\n",
      " [0.83283102 0.1191641  0.04800489]\n",
      " [0.77035737 0.21447208 0.01517055]\n",
      " [0.92106784 0.06915695 0.00977521]\n",
      " [0.88238656 0.09830744 0.019306  ]\n",
      " [0.8121735  0.16597131 0.02185519]\n",
      " [0.59011685 0.38807889 0.02180426]\n",
      " [0.30633772 0.6827397  0.01092258]\n",
      " [0.97780613 0.01912219 0.00307168]\n",
      " [0.58807879 0.17657379 0.23534742]\n",
      " [0.65508961 0.18177463 0.16313576]\n",
      " [0.6164949  0.1839023  0.19960281]\n",
      " [0.7625874  0.14667353 0.09073907]\n",
      " [0.71571451 0.26805453 0.01623096]\n",
      " [0.78469949 0.16494564 0.05035487]\n",
      " [0.8134571  0.1604402  0.0261027 ]\n",
      " [0.64467513 0.33593799 0.01938688]\n",
      " [0.80292142 0.16263214 0.03444645]\n",
      " [0.7886723  0.14035331 0.07097438]\n",
      " [0.73009396 0.16707054 0.10283549]\n",
      " [0.78934273 0.15199427 0.058663  ]\n",
      " [0.97711013 0.02023634 0.00265353]\n",
      " [0.78339495 0.14131161 0.07529344]\n",
      " [0.43563041 0.17635018 0.38801941]\n",
      " [0.81078413 0.13201992 0.05719595]\n",
      " [0.82125776 0.12492288 0.05381936]\n",
      " [0.84034374 0.11409635 0.04555991]\n",
      " [0.92139595 0.06414513 0.01445892]\n",
      " [0.35961064 0.15042569 0.48996367]\n",
      " [0.81718378 0.12498303 0.05783319]\n",
      " [0.21157938 0.76028946 0.02813117]\n",
      " [0.6370355  0.33823992 0.02472459]\n",
      " [0.12099245 0.86395312 0.01505442]\n",
      " [0.17272579 0.81672389 0.01055032]\n",
      " [0.11024937 0.87916032 0.01059032]\n",
      " [0.24239205 0.70897237 0.04863558]\n",
      " [0.64131432 0.24910955 0.10957613]\n",
      " [0.20575044 0.76174226 0.0325073 ]\n",
      " [0.1883442  0.79423231 0.01742349]\n",
      " [0.20543637 0.7580183  0.03654533]\n",
      " [0.18824017 0.80296745 0.00879238]\n",
      " [0.23782722 0.75162247 0.01055031]\n",
      " [0.02850585 0.96916372 0.00233043]\n",
      " [0.64550013 0.32065209 0.03384778]\n",
      " [0.48834735 0.47577449 0.03587817]\n",
      " [0.16727516 0.82054278 0.01218206]\n",
      " [0.0607004  0.93576564 0.00353396]\n",
      " [0.2662602  0.67010348 0.06363632]\n",
      " [0.2761158  0.66112061 0.06276359]\n",
      " [0.6898633  0.27816892 0.03196778]\n",
      " [0.09634432 0.89271746 0.01093822]\n",
      " [0.68664651 0.27982786 0.03352563]\n",
      " [0.260326   0.6849243  0.05474971]\n",
      " [0.70361523 0.28426541 0.01211935]\n",
      " [0.07334718 0.91940461 0.00724821]\n",
      " [0.15528622 0.82362578 0.021088  ]\n",
      " [0.83330063 0.15767947 0.0090199 ]\n",
      " [0.76304801 0.22544859 0.0115034 ]\n",
      " [0.13137853 0.85901931 0.00960215]\n",
      " [0.15945093 0.82183969 0.01870938]\n",
      " [0.1959483  0.77441079 0.02964091]\n",
      " [0.26604532 0.67158744 0.06236724]\n",
      " [0.14256073 0.8462838  0.01115547]\n",
      " [0.63883665 0.34827882 0.01288453]\n",
      " [0.43518944 0.53722389 0.02758667]\n",
      " [0.22079099 0.73870692 0.04050209]\n",
      " [0.19768522 0.78164409 0.02067069]\n",
      " [0.10241997 0.89166555 0.00591448]\n",
      " [0.83795424 0.15079235 0.01125341]\n",
      " [0.0411752  0.95536439 0.00346041]\n",
      " [0.10379686 0.88562989 0.01057325]\n",
      " [0.15536873 0.83156801 0.01306327]\n",
      " [0.6370355  0.33823992 0.02472459]\n",
      " [0.11918267 0.86630147 0.01451585]\n",
      " [0.14335131 0.83938592 0.01726277]\n",
      " [0.12455867 0.86631858 0.00912275]\n",
      " [0.56318294 0.41844477 0.01837228]\n",
      " [0.11628027 0.87839772 0.00532201]\n",
      " [0.24148048 0.73771678 0.02080274]\n",
      " [0.63895957 0.34203506 0.01900538]]\n",
      "Object function value = 211.69250385016008\n",
      "Previous Object function value = 211.69250304149998\n",
      "iter = 31\n"
     ]
    }
   ],
   "source": [
    "result.print_result()"
   ]
  }
 ],
 "metadata": {
  "kernelspec": {
   "display_name": "Python 3",
   "language": "python",
   "name": "python3"
  },
  "language_info": {
   "codemirror_mode": {
    "name": "ipython",
    "version": 3
   },
   "file_extension": ".py",
   "mimetype": "text/x-python",
   "name": "python",
   "nbconvert_exporter": "python",
   "pygments_lexer": "ipython3",
   "version": "3.7.4"
  }
 },
 "nbformat": 4,
 "nbformat_minor": 2
}
